100,1,29,24,24,29,1,100,
1,1,12,18,18,12,1,1,
29,12,25,17,17,25,12,29,
24,18,17,1,1,17,18,24,
24,18,17,1,1,17,18,24,
29,12,25,17,17,25,12,29,
1,1,12,18,18,12,1,1,
100,1,29,24,24,29,1,100